RT And    A F8V     1.240 0.030 1.260 0.015 3.785 0.015  0.290 0.060  4.00 0.15
RT And    B K3      0.910 0.020 0.900 0.013 3.675 0.010 -0.435 0.040  6.20 0.20
BW Aqr    B F7V     1.390 0.020 1.790 0.040 3.810 0.007  0.700 0.030  2.98 0.09
KP Aql    A F0      1.620 0.030 1.830 0.040                           2.51 0.08
KP Aql    B F0      1.620 0.030 1.830 0.040                           2.51 0.08
V805 Aql  A A2      2.110 0.040 2.110 0.120 3.913 0.030  1.250 0.030       
V805 Aql  B (A9)    1.630 0.020 1.750 0.120 3.856 0.030  0.860 0.030       
sig Aql   A B3      6.800 0.100 4.220 0.060 4.267 0.348  3.270 1.390       
sig Aql   B B3      5.400 0.100 3.050 0.110 4.200 0.133  2.720 0.530       
V539 Ara  A B3V     6.240 0.070 4.500 0.080 4.258 0.012  3.290 0.050 -1.74 0.13
V539 Ara  B B4V     5.310 0.060 3.420 0.080 4.233 0.013  2.950 0.060 -0.99 0.14
WW Aur    A A5m     1.987 0.034 1.883 0.038 3.910 0.015  1.140 0.060  1.86 0.16
WW Aur    B A7m     1.799 0.025 1.883 0.038 3.890 0.015  1.060 0.060  2.05 0.16
AR Aur    A B9V     2.480 0.098 1.781 0.036 4.039 0.012  1.610 0.050  1.11 0.13
HP Aur    A G2V     0.985 0.011 1.050 0.012 3.763 0.006  0.042 0.030  4.68 0.09
HP Aur    B G8V     0.807 0.010 0.821 0.009 3.721 0.008 -0.335 0.032  5.70 0.09
HS Aur    A G8      0.898 0.019 1.005 0.023 3.728 0.006 -0.131 0.031  5.16 0.08
HS Aur    B K0      0.877 0.017 0.874 0.030 3.716 0.006 -0.301 0.038  5.65 0.09
bet Aur   A A2V     2.410 0.030 2.900 0.200 3.958 0.010  1.699 0.052  0.58 0.13
bet Aur   B A2V     2.320 0.030 2.600 0.200 3.958 0.010  1.613 0.053  0.78 0.15
ZZ Boo    A F2      1.620 0.010 2.150 0.070 3.824 0.002  0.910 0.030  2.36 0.08
ZZ Boo    B F2      1.570 0.010 2.150 0.070 3.824 0.002  0.910 0.030  2.36 0.08
AD Boo    A F6V     1.438 0.016 1.614 0.012 3.805 0.006  0.590 0.030  3.20 0.11
AD Boo    B G0V     1.237 0.013 1.211 0.018 3.775 0.007  0.220 0.040  4.18 0.12
SZ Cam    A O9.5V  18.500 0.700 8.500 0.300 4.473 0.007  4.730 0.040 -4.16 0.11
SZ Cam    B B0V    16.100 0.600 7.900 0.300 4.434 0.008  4.520 0.050 -3.88 0.14
TU Cam    B F0V     1.500 0.100 1.520 0.040 3.859 0.014  0.750 0.050       
WW Cam    A A4m     1.920 0.013 1.911 0.016 3.922 0.007  1.200 0.030  1.67 0.06
WW Cam    B A4m     1.873 0.018 1.808 0.014 3.916 0.007  1.130 0.030  1.84 0.06
AN Cam    A (G8)    1.400 0.140 2.300 0.230 3.740 0.030  0.634 0.148  3.40 0.10
AN Cam    B (G0)    1.400 0.140 1.700 0.170 3.780 0.030  0.532 0.148  3.60 0.10
AS Cam    A B8V     3.310 0.070 2.700 0.200 4.088 0.030  2.170 0.140  0.14 0.20
AS Cam    B B9V     2.510 0.050 2.000 0.150 4.001 0.015  1.560 0.090  0.98 0.20
AY Cam    A A8      1.950 0.050 2.760 0.040 3.870 0.030  1.314 0.121       
AY Cam    B F0      1.710 0.040 2.130 0.090 3.840 0.030  0.969 0.125       
SW CMa    A A5      2.220 0.050 3.010 0.030 3.908 0.013  1.540 0.050  0.78 0.09
SW CMa    B A5      2.030 0.050 2.460 0.030 3.904 0.020  1.350 0.080  1.22 0.10
CW CMa    A A0V     2.092 0.015 1.885 0.038 4.008 0.020  1.536 0.080  1.10 0.20
CW CMa    B A0V     1.977 0.016 1.789 0.072 3.990 0.022  1.416 0.080  1.40 0.20
GZ CMa    A A3m     2.206 0.019 2.492 0.032 3.945 0.017  1.530 0.070  0.96 0.17
GZ CMa    B A4V     2.005 0.018 2.131 0.037 3.931 0.017  1.330 0.070  1.42 0.17
DW Car    A B1V    11.340 0.120 4.558 0.045 4.446 0.016  4.055 0.063       
DW Car    B B1V    10.630 0.140 4.297 0.055 4.423 0.016  3.915 0.067       
EM Car    A O8V    22.890 0.320 9.350 0.170 4.531 0.026  5.000 0.100 -4.60 0.30
EM Car    B O8V    21.420 0.330 8.340 0.160 4.531 0.026  4.900 0.100 -4.30 0.30
QX Car    A B2V     9.267 0.122 4.289 0.091 4.377 0.009  3.720 0.040 -2.32 0.10
QX Car    B B2V     8.480 0.122 4.051 0.091 4.354 0.010  3.580 0.040 -2.07 0.11
YZ Cas    A A1m     2.314 0.021 2.534 0.026 3.964 0.014  1.620 0.060  0.77 0.14
YZ Cas    B F2V     1.350 0.010 1.348 0.015 3.826 0.016  0.520 0.070  3.42 0.16
IT Cas    A F5V     1.330 0.009 1.593 0.015 3.811 0.007  0.601 0.035  3.13 0.05
IT Cas    B F5V     1.328 0.008 1.560 0.040 3.811 0.007  0.583 0.047  3.17 0.09
PV Cas    A B9.5V   2.827 0.050 2.243 0.035 4.000 0.010  1.650 0.040  0.80 0.11
PV Cas    B B9.5V   2.768 0.054 2.287 0.035 4.000 0.010  1.670 0.040  0.76 0.11
V649 Cas  A B0Vn   12.900 1.290 6.100 0.610                                
V649 Cas  B B4V     5.500 0.550 4.400 0.440                                
WX Cep    B A2V     2.329 0.045 2.711 0.023 3.949 0.012  1.620 0.050  0.75 0.12
ZZ Cep    A B7IV-V  4.100 0.410 3.900 0.390 4.131 0.022  2.660 0.030       
ZZ Cep    B F0IV-V  1.900 0.190 2.900 0.290 3.813 0.022  1.130 0.030       
AH Cep    A B0.5Vn 15.800 1.580 6.300 0.630 4.477 0.022  4.460 0.030       
AH Cep    B B0.5Vn 13.700 1.370 5.800 0.580 4.473 0.022  4.370 0.030       
DH Cep    A O5.5V  32.700 1.700 8.690 0.300 4.613 0.021  5.280 0.090 -4.66 0.25
DH Cep    B O6.5V  29.600 1.600 8.580 0.300 4.597 0.022  5.210 0.090 -4.55 0.25
EI Cep    A F3IV-V  1.772 0.007 2.896 0.048 3.829 0.006  1.193 0.030  1.71 0.08
EI Cep    B F1IV-V  1.680 0.006 2.329 0.044 3.842 0.006  1.055 0.030  2.05 0.08
EK Cep    A A1.5V   2.029 0.023 1.579 0.007 3.954 0.010  1.170 0.040  1.89 0.10
EY Cep    A F0      1.523 0.008 1.463 0.010 3.851 0.010  0.690 0.040  2.93 0.10
EY Cep    B F0      1.498 0.014 1.468 0.010 3.843 0.010  0.660 0.040  3.00 0.10
TV Cet    A F2V     1.390 0.050 1.500 0.050 3.820 0.010  0.580 0.050  3.20 0.10
TV Cet    B F5V     1.270 0.040 1.260 0.050 3.803 0.007  0.365 0.040  3.75 0.10
XY Cet    A Am      1.760 0.020 1.880 0.070 3.875 0.010  1.000 0.050  2.15 0.15
XY Cet    B Am      1.630 0.020 1.880 0.070 3.860 0.010  0.940 0.050  2.30 0.15
RZ Cha    A F5V     1.518 0.021 2.264 0.017 3.810 0.010  0.900 0.040  2.46 0.10
RZ Cha    B F5V     1.509 0.027 2.264 0.017 3.810 0.010  0.900 0.040  2.46 0.10
TY CrA    A B7-9    3.160 0.020 1.800 0.100 4.079 0.018  1.780 0.087       
alf CrB   B G5V     0.920 0.030 0.900 0.040 3.763 0.030 -0.090 0.030       
Y Cyg     A O9.5V  17.700 0.400 7.700 2.500 4.543 0.030  4.896 0.280 -4.00 0.10
Y Cyg     B O9V    16.800 0.500 8.400 2.800 4.555 0.030  5.016 0.280 -4.40 0.10
CG Cyg    A K0      0.940 0.012 0.890 0.013 3.721 0.015 -0.260 0.060  5.55 0.10
CG Cyg    B K3.5    0.810 0.013 0.840 0.014 3.674 0.006 -0.510 0.030  6.40 0.12
MY Cyg    A F0m     1.811 0.025 2.193 0.050 3.845 0.010  1.010 0.040  2.16 0.11
MY Cyg    B F0m     1.786 0.030 2.193 0.050 3.848 0.010  1.030 0.040  2.13 0.11
V380 Cyg  B B2V     6.950 0.250 3.740 0.070 4.312 0.011  3.350 0.040 -1.69 0.10
V442 Cyg  A F1V     1.560 0.020 2.070 0.030 3.839 0.005  0.930 0.020  2.33 0.06
V442 Cyg  B F2V     1.410 0.020 1.660 0.030 3.833 0.005  0.720 0.020  2.88 0.06
V477 Cyg  A A3V     1.790 0.120 1.570 0.050 3.939 0.015  1.100 0.030  1.94 0.10
V477 Cyg  B F2-3    1.350 0.070 1.270 0.040 3.826 0.015  0.470 0.030  3.45 0.10
V478 Cyg  A O9.5   16.600 0.900 7.430 0.120 4.485 0.015  4.630 0.015       
V478 Cyg  B O9.5   16.300 0.900 7.430 0.120 4.485 0.015  4.630 0.015       
V541 Cyg  A B9.5V   2.240 0.090 1.880 0.030 3.995 0.010  1.490 0.020  1.15 0.04
V541 Cyg  B B9.5V   2.240 0.080 1.790 0.040 3.998 0.010  1.450 0.020  1.26 0.05
V909 Cyg  A A2      1.980 0.030 1.610 0.030                           1.88 0.09
V909 Cyg  B A5      1.750 0.030 1.520 0.030                           2.32 0.12
V1143 Cyg A F5V     1.391 0.016 1.346 0.023 3.810 0.007  0.450 0.030  3.60 0.08
V1143 Cyg B F5V     1.347 0.013 1.323 0.023 3.806 0.007  0.420 0.030  3.67 0.08
V1765 Cyg B B0-1V  12.200 1.220 5.900 0.590                                
UZ Dra    A F7      1.340 0.020 1.310 0.030 3.793 0.008  0.350 0.050  3.68 0.09
UZ Dra    B G0      1.230 0.020 1.150 0.020 3.777 0.008  0.180 0.050  4.22 0.08
BS Dra    A F5V     1.363 0.054 1.508 0.043 3.826 0.030  0.629 0.009       
BS Dra    B F5V     1.361 0.054 1.434 0.044 3.824 0.001  0.578 0.010       
CM Dra    A M4Ve    0.231 0.001 0.252 0.002 3.498 0.014 -2.260 0.063 12.77 0.12
CM Dra    B M4Ve    0.214 0.001 0.235 0.002 3.498 0.014 -2.319 0.063 12.92 0.12
CW Eri    A F1      1.590 0.020 2.080 0.050 3.835 0.006  0.930 0.030  2.34 0.06
CW Eri    B F4      1.330 0.010 1.560 0.070 3.817 0.006  0.610 0.050  3.14 0.10
YY Gem    A M1Ve    0.599 0.005 0.619 0.006 3.582 0.011 -1.135 0.009  8.95 0.03
YY Gem    B M1Ve    0.599 0.005 0.619 0.006 3.582 0.011 -1.135 0.009  8.95 0.03
RX Her    A B9V     2.750 0.060 2.440 0.100 4.015 0.030  1.790 0.120  0.48 0.20
RX Her    B A0V     2.330 0.050 1.960 0.100 3.985 0.020  1.480 0.090  1.12 0.15
TX Her    A A8V     1.620 0.040 1.580 0.050 3.863 0.010  0.800 0.050  2.64 0.15
TX Her    B F2V     1.450 0.030 1.480 0.050 3.827 0.010  0.600 0.050  3.15 0.13
DI Her    A B5V     5.185 0.108 2.680 0.046 4.230 0.020  2.730 0.080 -0.46 0.21
DI Her    B B5V     4.534 0.066 2.477 0.045 4.179 0.020  2.460 0.080 -0.05 0.21
V624 Her  B A7V     1.881 0.013 2.209 0.034 3.900 0.008  1.240 0.040  1.60 0.09
V819 Her  A F2V     1.530 0.080 1.866 0.024 3.830 0.030  0.864 0.028  2.63 0.07
V819 Her  B         1.110 0.020 1.263 0.029 3.790 0.070  0.296 0.116  4.08 0.16
V822 Her  A B8Vnn   3.280 0.070 2.770 0.110 4.114 0.030  2.293 0.125       
V822 Her  B B8Vnn   3.280 0.070 2.630 0.090 4.112 0.002  2.241 0.030       
VZ Hya    A F6V     1.230 0.030 1.350 0.040 3.812 0.007  0.460 0.040  3.51 0.10
VZ Hya    B F6V     1.120 0.030 1.120 0.030 3.798 0.007  0.240 0.040  4.07 0.10
HS Hya    A         1.255 0.008 1.275 0.007 3.813 0.003  0.415 0.014  3.73 0.06
HS Hya    B         1.219 0.007 1.216 0.007 3.806 0.003  0.347 0.015  3.90 0.06
KW Hya    A A5m     1.978 0.036 2.125 0.016 3.903 0.011  1.220 0.040  1.66 0.11
KW Hya    B F0V     1.488 0.017 1.480 0.014 3.839 0.013  0.650 0.050  3.08 0.13
khi2 Hya  A B8V     3.613 0.079 4.384 0.039 4.066 0.010  2.500 0.040 -0.87 0.10
khi2 Hya  B B8V     2.638 0.050 2.165 0.043 4.041 0.010  1.790 0.040  0.78 0.11
RW Lac    A G5      0.928 0.006 1.186 0.004 3.760 0.008  0.140 0.030  4.48 0.09
RW Lac    B G7      0.870 0.004 0.964 0.004 3.745 0.012 -0.100 0.050  5.12 0.13
SS Lac    A A2V     2.850 0.190 3.330 0.060 3.978 0.007  1.908 0.032  0.19 0.11
SS Lac    B A2V     2.770 0.180 3.170 0.060 3.978 0.007  1.865 0.032  0.29 0.11
CM Lac    A A2V     1.880 0.090 1.590 0.060 3.935 0.015  1.095 0.070  1.97 0.15
CM Lac    B F0V     1.470 0.040 1.420 0.060 3.855 0.020  0.680 0.090  2.95 0.25
CO Lac    A B8.5V   3.130 0.300 2.800 0.060 4.060 0.040  2.120 0.080       
CO Lac    B B9.5V   2.750 0.300 2.300 0.050 4.040 0.040  1.870 0.080       
V364 Lac  A A5      2.333 0.015 3.307 0.038 3.916 0.008  1.657 0.033  0.60 0.08
V364 Lac  B A4      2.296 0.025 2.985 0.035 3.929 0.008  1.620 0.032  0.72 0.08
UV Leo    A G2V     0.990 0.040 1.080 0.040 3.768 0.005  0.090 0.040  4.52 0.10
UV Leo    B G2V     0.920 0.040 1.080 0.040 3.768 0.005  0.090 0.040  4.52 0.10
DU Leo    A G0V     0.935 0.020 1.175 0.030                           4.30 0.10
DU Leo    B G0V     0.935 0.020 1.175 0.030                           4.30 0.10
GG Lup    A B7V     4.116 0.040 2.379 0.025 4.169 0.013  2.380 0.050  0.08 0.13
GG Lup    B B9V     2.509 0.024 1.725 0.019 4.041 0.024  1.590 0.100  1.21 0.24
RR Lyn    A Am      2.000 0.050 2.500 0.150 3.880 0.010  1.260 0.060  1.49 0.15
RR Lyn    B F0V     1.550 0.030 1.930 0.150 3.850 0.010  0.930 0.080  2.32 0.20
FL Lyr    A F8      1.218 0.016 1.283 0.030 3.789 0.007  0.336 0.035  3.84 0.08
FL Lyr    B G8      0.958 0.011 0.963 0.030 3.724 0.008 -0.185 0.042  5.30 0.16
TZ Men    A A0V     2.487 0.025 2.016 0.020 4.017 0.017  1.630 0.070  0.93 0.17
TZ Men    B A8V     1.504 0.010 1.432 0.015 3.857 0.018  0.690 0.070  2.97 0.18
UX Men    A F8V     1.238 0.006 1.347 0.013 3.792 0.007  0.380 0.030  3.81 0.07
UX Men    B F8V     1.198 0.007 1.274 0.013 3.789 0.007  0.320 0.030  3.96 0.07
AO Mon    A B3      5.500 0.550 3.500 0.350 4.274 0.030  3.164 0.030       
AO Mon    B B5      5.200 0.520 3.300 0.330 4.215 0.030  2.864 0.030       
FS Mon    A F2      1.631 0.012 2.051 0.012 3.827 0.006  0.888 0.026  2.44 0.06
FS Mon    B F4      1.461 0.010 1.629 0.012 3.816 0.007  0.644 0.026  3.05 0.06
U Oph     A B5      4.800 0.300 3.390 0.060 4.220 0.020  2.890 0.015 -0.90 0.10
U Oph     B         4.500 0.200 2.950 0.050 4.200 0.020  2.690 0.015 -0.60 0.10
WZ Oph    A F8V     1.120 0.040 1.340 0.030 3.785 0.005  0.350 0.030  3.85 0.08
WZ Oph    B F8V     1.120 0.040 1.340 0.030 3.785 0.005  0.350 0.030  3.85 0.08
V451 Oph  A         2.780 0.060 2.600 0.100 4.042 0.026  1.950 0.100       
V451 Oph  B         2.360 0.050 2.100 0.100 3.988 0.027  1.550 0.100       
VV Ori    A B1V    10.900 0.100 4.980 0.020 4.418 0.030  4.025 0.066       
VV Ori    B B4.5V   4.090 0.050 2.410 0.010 4.178 0.001  2.544 0.067       
BM Ori    A B3      6.300 0.300 2.500 0.050 4.286 0.030  2.890 0.121 -0.80 0.20
EW Ori    A G0      1.180 0.020 1.140 0.010 3.776 0.007  0.171 0.029  4.27 0.07
EW Ori    B G5      1.130 0.020 1.090 0.010 3.762 0.007  0.076 0.029  4.59 0.07
GG Ori    A B9.5    2.342 0.016 1.852 0.025 3.998 0.009  1.480 0.037  1.00 0.05
GG Ori    B B9.5    2.338 0.017 1.830 0.025 3.998 0.009  1.470 0.037  1.02 0.05
V1031 Ori A A6V     2.473 0.018 4.321 0.034 3.895 0.028  1.800 0.110  0.18 0.28
V1031 Ori B A3V     2.286 0.016 2.977 0.064 3.924 0.026  1.600 0.110  0.74 0.26
eta Ori   A        11.000 0.500 6.300 0.600 4.425 0.030  4.251 0.146 -3.30 0.10
BK Peg    A F8      1.430 0.020 1.970 0.070 3.782 0.002  0.670 0.030  3.05 0.08
BK Peg    B F8      1.280 0.010 1.570 0.110 3.787 0.002  0.490 0.060  2.48 0.16
EE Peg    A A3m     2.156 0.024 2.089 0.025 3.940 0.010  1.350 0.040  1.38 0.10
EE Peg    B F5V     1.335 0.011 1.312 0.013 3.810 0.020  0.430 0.080  3.65 0.20
AG Per    A B4V     5.360 0.160 2.990 0.070 4.260 0.019  2.950 0.080 -0.85 0.20
AG Per    B         4.900 0.130 2.600 0.070 4.241 0.020  2.750 0.080 -0.45 0.21
IQ Per    A B7.5    3.510 0.040 2.450 0.030 4.090 0.006  2.136 0.040  0.20 0.10
IQ Per    B A6      1.730 0.020 1.500 0.020 3.885 0.005  0.896 0.040  2.50 0.10
V505 Per  A F5V     1.265 0.006 1.290 0.030 3.812 0.007  0.420 0.050  3.61 0.08
V505 Per  B F5V     1.247 0.006 1.270 0.070 3.805 0.009  0.380 0.080  3.72 0.10
AI Phe    A         1.231 0.005 2.931 0.007 3.712 0.013  0.730 0.050  3.11 0.13
AI Phe    B F6      1.190 0.006 1.762 0.007 3.800 0.010  0.640 0.040  3.13 0.10
zet Phe   A B6V     3.930 0.045 2.851 0.015 4.163 0.010  2.510 0.040 -0.59 0.11
zet Phe   B B8V     2.551 0.026 1.853 0.023 4.076 0.007  1.790 0.030  0.91 0.08
UV Psc    A G5V     1.220 0.080 1.210 0.020 3.755 0.004  0.140 0.020  4.45 0.05
UV Psc    B K2V     0.870 0.030 0.910 0.020 3.700 0.010 -0.330 0.050  5.80 0.10
PV Pup    A A8V     1.565 0.011 1.542 0.018 3.840 0.019  0.690 0.080  2.98 0.19
PV Pup    B A8V     1.554 0.013 1.499 0.018 3.841 0.019  0.670 0.080  3.03 0.19
V431 Pup  B         9.400 0.940 6.500 0.650                                
VV Pyx    A A1V     2.101 0.022 2.167 0.020 3.978 0.009  1.540 0.040  1.01 0.09
VV Pyx    B A1V     2.099 0.019 2.167 0.020 3.978 0.009  1.540 0.040  1.01 0.09
YY Sgr    A B5      3.900 0.130 2.560 0.030 4.170 0.020  2.450 0.090 -0.18 0.10
YY Sgr    B B6      3.480 0.090 2.330 0.050 4.150 0.020  2.280 0.100  0.11 0.12
V1647 Sgr A A1V     2.189 0.037 1.831 0.018 3.982 0.014  1.410 0.050  1.35 0.14
V1647 Sgr B A1V     1.972 0.033 1.666 0.017 3.959 0.014  1.230 0.060  1.73 0.14
V3903 Sgr A O7V    27.270 0.550 8.088 0.086 4.580 0.022  5.087 0.029 -4.59 0.07
V3903 Sgr B O9V    19.010 0.440 6.125 0.060 4.533 0.022  4.658 0.032 -3.69 0.08
V760 Sco  A B5      4.690 0.170 2.970 0.060 4.228 0.010  2.810 0.020       
V760 Sco  B         4.420 0.140 2.600 0.090 4.213 0.010  2.630 0.020       
V906 Sco  A B9V     3.378 0.071 4.521 0.035 4.017 0.021  2.330 0.084 -0.82 0.21
V906 Sco  B B9V     3.253 0.069 3.515 0.039 4.029 0.020  2.162 0.082 -0.31 0.20
EG Ser    A A1V     2.200 0.050 1.690 0.010 3.996 0.009  1.398 0.017  1.50 0.10
EG Ser    B         1.990 0.030 1.550 0.010 3.959 0.010  1.170 0.021  1.90 0.10
CD Tau    A F6V     1.442 0.016 1.798 0.017 3.792 0.004  0.630 0.020  3.30 0.20
CD Tau    B F6V     1.368 0.016 1.584 0.020 3.792 0.004  0.520 0.020  3.60 0.20
V818 Tau  A         1.059 0.006 0.900 0.016 3.743 0.008 -0.169 0.035  5.10 0.13
V818 Tau  B         0.760 0.006 0.768 0.010 3.625 0.015 -0.775 0.062  7.39 0.14
ZZ UMa    A G0V     1.190 0.020 1.530 0.030 3.771 0.004  0.393 0.004  3.93 0.26
ZZ UMa    B G5V     0.990 0.020 1.170 0.020 3.707 0.005 -0.097 0.012  5.15 0.26
DN UMa    A A3Vn    1.960 0.196 1.920 0.192                                
DN UMa    B A3Vn    1.960 0.196 1.920 0.192                                
CV Vel    A B2.5V   6.100 0.044 4.087 0.036 4.253 0.012  3.190 0.050 -1.48 0.12
CV Vel    B B2.5V   5.996 0.035 3.948 0.036 4.250 0.012  3.150 0.050 -1.38 0.12
DM Vir    A         1.454 0.008 1.763 0.017 3.813 0.007  0.700 0.030  2.99 0.07
DM Vir    B         1.448 0.008 1.763 0.017 3.813 0.020  0.700 0.030  2.99 0.07
BP Vul    A A7m     1.737 0.015 1.852 0.014 3.887 0.008  1.040 0.030  2.06 0.08
BP Vul    B F2m     1.408 0.009 1.489 0.014 3.834 0.008  0.630 0.040  3.06 0.08
